2568
20849
54478
10328
29573
3471
37739
76003
95683
12686
59146
72089
27366
84131
16362
16562
71706
79318
77150
19207
64693
97320
22381
35006
45896
10015
90841
26433
95403
4893
78628
94120
45377
89173
54537
86289
90054
79614
36891
49453
19329
80642
76193
24320
81565
1816
61666
84376
70840
59840
8421
69908
89608
36074
54064
74685
38681
3123
59949
69016
40520
94367
70174
85255
82212
21311
75615
76226
6590
58934
22012
56842
67140
13507
39051
47638
95079
33568
6996
58399
59277
11742
93673
43132
38809
33236
79194
70582
17072
99275
10329
21753
62498
30653
82095
58142
17544
16597
23869
804
70066
59731
96495
5639
32103
4304
42212
33386
63962
83765
81355
83693
36730
73263
26258
49293
96892
55668
36441
93767
70276
29568
31921
44624
53451
54018
96541
95207
49527
30432
8935
40941
1093
34217
34268
64458
97818
40442
45453
18099
3444
41063
18897
1019
33955
17513
59521
19402
44701
91500
59514
57293
80016
4784
64350
80486
64248
16562
80533
55430
13438
73675
89712
28714
34803
86634
52400
52064
3644
89470
55368
85577
97010
6831
62241
10497
23931
30375
82568
30016
44094
1417
27931
76455
3519
57626
39893
24700
38381
3458
19228
1913
38930
27077
39352
64813
99707
70613
20755
82428
83247
55598
28038
75833
16962
19883
88798
26836
74622
45703
57285
99951
40098
51181
68978
54593
32742
37981
77387
30435
30472
78693
27222
82359
80376
14573
57344
39837
36855
50545
79091
17414
31227
16469
87432
22671
79618
26683
2679
43404
72054
5056
89868
339
49662
7337
26753
55997
66300
84380
51224
29019
87123
85941
41656
24332
69052
24303
40509
54955
1634
93648
36286
28632
43827
27676
11842
25045
38785
90825
25325
68871
84136
32031
72443
37150
1401
69233
57016
80481
95594
37966
40553
50446
82435
85371
41556
53173
46496
80254
82749
13401
46440
477
76436
87226
41062
4350
64023
81195
9335
20331
5656
36861
27780
87928
51004
52246
16229
36638
54138
91353
73156
91938
85300
64478
78294
56154
91611
15170
99441
38131
33659
54059
46235
32031
48000
73504
20947
96034
54561
47771
75164
91721
87628
78065
25103
66365
91122
97252
35459
7926
39966
77401
61178
12100
22186
51730
72118
8920
66675
27410
63616
20146
66873
21416
56974
48538
52238
22282
68560
64140
15438
41255
12398
4522
86144
95799
96253
95429
16730
56987
98469
12779
48491
53812
70949
48514
97250
18299
22969
6249
59530
16296
17246
82549
44176
15817
85842
45117
83104
2148
42917
62485
80187
88482
46939
98853
12860
58622
69850
20364
6108
35438
24491
21350
97010
80935
85402
74622
19551
5800
9904
6075
91815
70230
33298
28443
47544
86335
36465
80942
69247
19059
89355
79528
55391
24416
30908
59934
86215
84794
26814
19580
88089
9373
23150
96043
41890
72940
42990
30436
63603
77220
28513
32769
1268
32160
26067
666
65390
64072
54845
8443
38106
73087
62365
92183
85101
55165
76084
52484
61068
93103
13333
78744
31900
75408
63205
98769
76392
49235
8745
52841
83459
63761
4269
13068
21932
7006
65881
79433
66064
10128
93091
65460
57081
42247
802
83469
84116
59580
69464
51005
79669
38839
13276
28008
91544
23327
52922
1115
65913
55319
10529
97987
69428
75262
90052
4294
52036
74260
10230
75473
44849
85752
17467
28563
67005
18831
8991
85713
49436
3440
84106
41176
56182
55949
96088
86041
24456
71638
30179
78385
47578
65698
53213
29119
74480
89182
78262
62562
92476
59860
20193
73617
14026
34478
33850
48105
80539
34849
19372
89691
40401
17551
98073
49214
2490
58252
50223
5003
30110
9071
55516
21185
93980
86814
97472
10442
81111
37006
75985
44296
21734
65992
46632
34540
69937
62294
82714
70308
23575
34652
64138
87560
66523
58043
23159
42703
66399
81798
30234
66571
21563
97404
28753
53057
62237
69846
11913
29664
58188
57396
15477
58357
10483
27824
83085
38642
58868
72712
40106
62757
30186
41806
56207
45511
2747
70867
21740
50308
22308
97421
43647
27897
38244
99286
91473
32392
8167
29042
60261
62632
97008
2937
20140
64583
60832
52882
45206
40267
44011
54312
20932
15547
10456
59105
3206
58097
42312
30834
32210
21062
25102
46128
87109
59107
22455
56519
64247
55070
9291
34662
14968
96712
71214
83833
58309
36394
14022
23457
52192
41816
53201
74340
52822
21967
56184
69547
34942
26289
31840
81141
30353
56883
24039
47021
89319
68902
91087
66474
73822
28545
12429
15223
6761
58130
55137
84086
26413
62633
64957
57064
84166
79504
18781
85185
89730
54292
20593
87980
78616
62578
7078
77162
89986
42156
31350
14164
63214
42136
15396
704
27840
96610
29728
80371
16545
1040
24932
51847
64749
38988
18521
55709
52854
95708
81333
25153
97382
44367
44780
93098
6750
97066
13522
32221
44151
96967
73212
64027
7845
84886
80575
30339
62408
1109
38785
84531
13144
54521
5305
89484
90536
40345
6216
90819
99887
89500
54479
62463
58573
60238
53398
16331
55454
99917
13545
94492
47644
42112
91352
96767
82086
24576
94193
48378
90031
10469
89149
21613
58399
79815
77599
85605
85650
50098
76734
19675
25122
79572
31579
48763
87390
77242
15670
65495
90421
10117
97153
52853
53141
19390
43481
60242
21503
7095
45220
71030
11889
51601
80600
85953
16530
60748
32804
79116
91463
26973
52685
33875
97430
90177
535
26640
30318
83699
81927
25376
91218
25506
90943
26036
49614
85295
21204
29621
12379
37061
67257
82432
94500
82642
64456
76369
28594
41441
58327
65486
40585
16757
69064
54028
7857
74000
14119
60106
72556
21307
61907
67788
87491
10197
97133
55100
61038
29398
94811
58491
58385
35414
82895
86179
25146
33637
55175
94280
33218
28842
72545
79753
31999
99868
54810
42506
50644
13633
41097
51677
30049
11894
22604
59086
74199
2777
25697
57116
86772
33545
2380
76887
90902
68970
85733
53578
26375
443
14240
42865
20265
18866
78085
1511
80024
63156
37652
22413
31828
14339
61511
16234
58419
36484
45395
36845
41190
59507
10124
48395
99824
35173
887
33068
36789
14552
13406
44531
33850
55353
5052
48248
67967
37395
93303
30600
7233
96365
39217
17261
74611
41617
71300
35270
19296
55732
62859
21389
18896
28670
18102
64378
23819
16940
60897
43990
89405
44493
80430
10141
4735
59217
7122
81604
21766
90798
26243
31226
44269
3033
82423
12403
74465
21465
22764
74023
4101
25324
9319
51900
49277
86553
31733
65178
28647
94320
47063
68726
27522
76297
33360
36716
90370
337
4875
78525
56682
79789
24439
60001
2054
27319
82247
10278
47448
27488
83449
19924
39277
2996
23946
28722
8667
61103
35972
89100
76435
51132
16577
73465
55065
72343
65529
5641
54911
38041
34988
36926
14732
5586
62372
74208
16765
18948
82071
62006
57013
42433
98464
79137
49819
39338
90725
47751
71917
8216
38093
63625
83102
21500
31754
62798
93875
5430
91002
93412
3274
35692
9796
4604
11054
4015
63394
25391
32139
16277
50437
27179
88070
81608
7951
62193
42119
89900
76307
80772
30891
89603
18828
78280
53595
7030
69127
80920
87009
48986
90674
1814
66333
40650
55070
32945
43457
58436
71031
30017
51893
18181
47485
20850
51842
25481
26318
90653
23339
86333
56966
32595
76717
1115
43830
97734
45502
63467
20905
21304
28527
3228
65406
4261
30855
44167
17420
56616
77320
33783
52960
51734
23421
2140
41574
49544
12025
51028
29637
36857
983
9992
17187
94176
5765
41161
34668
79167
87653
58876
44750
30556
48406
58074
1010
38434
33170
42454
96340
53595
54299
37487
58995
23706
86258
78191
70681
66052
2444
87584
46445
69279
62309
43526
58214
93182
41926
51002
5196
63785
60625
57495
47940
51041
9886
60281
92387
51063
46549
65691
95547
88324
38772
82739
27535
47372
9131
21076
90078
36008
48242
10245
88594
61835
63683
82159
22275
54751
90803
8807
38925
47264
6159
87735
6161
37562
13193
83382
22420
92831
160
99789
5571
70811
48436
76909
38062
85196
23713
21862
79844
21758
54998
13476
77173
60800
92811
94430
3221
19164
22357
53334
90184
37176
52459
65269
9879
50393
82480
94054
44148
10956
96788
53431
15395
89257
19219
66147
98184
49989
68558
46862
50435
65605
69403
12171
42008
71755
38327
8079
62951
3342
47323
35055
28040
51435
15428
71279
79022
93340
94878
72835
30348
25461
6575
66275
68424
72363
52681
36353
33888
57576
84140
98999
31241
69552
68419
52361
22996
49658
67160
86664
89388
20441
76054
69575
99722
32285
48608
472
98953
22545
29592
80936
64349
48836
41671
80126
89588
84091
25499
79973
30864
59704
93165
19498
64923
77967
75934
46506
33284
65567
15387
7080
65569
34083
75252
41219
91744
91374
84263
60042
27926
26927
17492
46554
63467
47520
90138
9023
85516
32287
4981
57991
69530
99134
37562
99751
53007
8589
52360
76158
1732
60805
15899
60774
46953
36108
60205
26374
7255
22809
64276
89095
24888
33744
5962
67584
79152
4303
9832
648
81888
88439
30154
74534
17906
39193
29777
3341
353
37317
1916
19108
66986
25181
94736
112
35443
96659
4482
48061
42729
3576
20653
12270
45826
3698
55816
76989
91328
48798
49489
55066
32691
85182
27947
27795
32643
91183
27704
16381
96944
97994
70161
77701
43775
82560
23993
56085
64238
23630
99885
2891
51411
35128
80918
59569
62894
52618
87575
46624
19256
83080
14880
53472
41395
96561
56946
80571
98473
4644
29522
67067
81298
41537
77137
83943
21099
44733
47902
80186
92494
41150
60443
99010
62609
13547
15812
1813
82308
12857
77461
67660
23205
5333
73611
65414
26116
91860
53704
85274
6253
24400
3118
78669
3775
18846
59199
75933
95464
27537
76208
35459
1086
19593
33709
16852
99328
90386
18260
58142
18013
48800
36528
69787
99521
12099
73413
69403
95458
91203
3291
76717
25243
68561
96578
20543
37853
4701
85746
58318
10954
60100
65055
80232
25572
35006
11207
51040
19201
74455
86925
41359
61894
70139
56595
17836
93969
34919
91420
77755
80797
26099
63519
43842
19469
35562
59087
14879
94436
16096
96160
95850
28772
48187
12105
92251
43919
39297
41848
38103
32417
83969
70278
5347
11498
44620
69513
55531
86533
46526
1323
45714
85615
23481
74330
89326
13853
79936
72229
97708
36330
84822
34550
79394
72444
94416
68777
10287
73192
29320
93247
63491
42210
34934
1958
54496
58161
99509
96554
81482
63739
67790
33424
71307
95610
33760
76929
20410
12273
86988
19308
39616
56847
11388
24799
70979
82786
34125
60758
90170
64880
92194
26453
82383
90543
81015
14592
68822
80199
25022
67532
95941
91237
99881
25535
24899
99204
73398
51485
41417
83427
59135
84832
93560
72711
15678
23753
49145
19356
75889
48230
949
53515
83507
36869
77750
50973
4953
91409
31363
93311
6560
51635
74850
31944
16481
4582
86813
6572
58951
45971
64305
28854
19324
38093
49774
5481
50043
67384
33520
99029
67953
88652
10837
58902
66589
52289
92593
27600
82056
40476
38608
8222
22828
36047
73793
13127
28963
98802
47429
83538
51696
58252
14429
74562
36091
99621
9120
89751
2713
67619
53395
1953
27883
73053
44423
76635
97511
75392
38627
85721
87710
35680
28228
12242
28917
20699
83935
15990
18095
17457
83359
94635
24170
39769
92323
58534
63759
40089
44416
11308
91731
71804
35040
28639
11099
55402
92686
84071
23589
21244
62605
94141
93638
22208
5099
48587
52482
67472
38086
52730
8977
95026
75172
96588
27011
23452
50798
6959
47645
39884
39564
25152
15806
67054
30400
961
82762
96033
71944
59828
3545
25912
33246
46959
93335
68017
30173
34517
77772
59009
40556
52577
38297
72596
98421
78326
68550
24485
30515
64275
58562
34357
31707
56719
32742
94540
4269
24137
31703
95185
98801
84672
85608
1220
52341
57570
38268
31387
12530
26220
27784
21715
51153
44127
40431
7279
48741
26703
42393
34698
90609
33269
99711
97492
42658
19760
65920
78508
46548
49813
3734
18854
2762
57348
93112
87733
5218
7275
50440
87850
16577
6456
27930
95916
53241
75600
25306
31760
84967
11618
66894
43712
63991
7484
3640
24851
4535
76430
62327
58111
55150
11630
22104
41577
6852
61427
88991
54909
93506
6682
53822
64466
51543
70882
75861
42346
208
238
55891
64314
34323
41226
56827
69271
11555
51268
41824
99594
5742
31238
7126
33958
38690
7238
80283
55472
68589
19960
80042
12440
34018
74350
44462
39626
4413
60631
24631
78253
88109
72685
77485
82595
58580
34797
83078
73547
62777
8877
22311
61927
99600
13101
65383
64462
55330
41086
71476
24108
40254
66980
87276
57667
34981
39856
25067
23533
7704
91104
84240
73418
62446
77716
80021
43290
75889
31617
55459
47222
11966
97886
20294
31602
9533
20861
35851
90158
33434
56458
51892
91891
75143
12604
19589
4407
31429
42726
17673
10824
96670
19691
96631
79993
57581
17580
76539
63646
76856
31528
19785
82721
89050
40712
13821
99501
98101
59663
73255
4184
56913
15824
29773
4909
95379
79225
67793
21452
37471
51477
51593
49560
52947
31919
63119
33492
97879
88581
18182
16215
70509
87619
6089
50881
62763
12596
78863
42048
39558
74123
42185
68414
9395
2361
91174
41765
44626
40433
28375
94043
79101
45671
505
9397
30016
57367
75207
23336
37390
25101
49146
44396
57117
38443
51195
61787
666
59162
67614
1442
40141
93847
56242
83633
16777
58167
437
48849
47788
91703
41029
88083
88848
67427
77242
49108
17262
62035
47482
11240
88549
36691
98177
83808
86019
52227
13469
41480
34435
67591
93736
72469
29705
11242
821
39382
78157
41375
82934
69400
60843
54402
5639
23457
35881
17268
29832
9863
53297
85803
97831
58508
13866
13226
44965
90772
66744
68569
39911
4333
63298
63064
27108
47002
54949
80611
55746
50782
16116
84999
37570
95969
17018
35887
63949
6376
20753
65186
58727
64142
55149
54033
5241
19159
96700
13350
16093
15644
28794
72483
3242
13013
31727
65529
40685
81362
81908
45271
28197
1787
24679
27190
27359
41688
89966
70089
7679
30343
36014
13383
93640
68185
84818
78929
49369
5272
72243
24131
36653
17972
68611
15912
5379
90649
46717
3990
46437
7296
24879
10418
53777
25335
13567
42185
39929
36584
61796
91636
85760
29237
11057
50155
44274
20349
76863
31267
41827
50157
89765
42795
35120
70082
45429
29038
91179
61776
55730
25662
52931
79492
19418
10370
25479
22981
83173
57182
25018
82464
66789
40450
99417
68447
76767
99711
44297
24633
84750
9555
40128
99618
64038
43404
23708
63691
5484
11044
92077
9582
48949
21255
20346
24999
24019
99937
96491
12735
55050
91118
49810
85986
30460
78525
43532
19993
62357
28825
48513
33001
57570
87298
67922
56935
17433
74443
22148
9925
80868
87534
7300
29982
82673
11879
62268
43686
99886
24470
44810
40356
37130
36713
24008
73747
34739
98840
84307
16666
55852
27329
68524
16044
50279
21612
79988
52642
83514
31592
59120
36315
50285
26286
55224
9950
78078
58236
97896
66906
59212
75878
43561
41917
44436
63724
41322
83629
19078
29901
24302
48048
22874
25008
97203
28445
32688
4748
3860
85145
34679
14322
41169
49120
37234
5832
83206
26092
90803
9066
29385
32740
48728
13643
928
88352
57988
31634
63759
92040
72687
12382
35781
9126
78954
47096
38600
29177
23348
72135
882
94871
62884
84320
47004
84349
13844
56696
19202
94075
32963
46113
70203
20324
16215
97090
35944
11663
95114
88698
42895
66055
2200
38709
407
88308
52884
77260
44392
89516
7134
75094
81909
866
39067
57712
49308
34431
56130
72042
17436
6996
18193
49708
18475
81223
8443
40661
22000
82110
37763
19337
50411
65180
64711
50561
53338
48310
30939
58433
47678
31905
14428
31044
83316
14169
27970
96371
13472
83687
71484
11281
67996
72526
89131
10661
33118
74072
71234
83498
78348
40197
46141
24752
43126
60431
89330
80339
24268
79435
58009
77229
72967
1038
36281
46703
36655
39005
75413
46346
4886
8243
83168
84344
11529
4654
57488
2795
39512
61942
21929
90050
54806
14923
70248
88241
84303
9252
89967
61571
28116
32705
73640
87501
77709
68671
24267
73768
15604
28619
37971
76291
51932
88702
78292
26197
40315
78857
89482
5538
10720
38535
77777
25001
78849
97039
96868
27302
6929
72815
91756
63503
57915
13336
46428
89555
72300
78149
25682
69261
1155
36054
55629
36171
95876
95896
88735
23310
78998
20700
12661
3340
7120
52995
82523
53349
35633
33945
91467
97686
59711
70171
57608
20741
58377
9061